inf inf inf 2.787792994810200184e+02 9.716612703893882497e+01 8.646826124720467988e+01 6.743554561619536969e+01 4.837612158995229805e+01 4.695055379569321730e+01 2.468188930683454529e+01 1.623847364317673936e+01
inf inf 3.109199154469562814e+02 2.431795151949059743e+02 1.441651982700571466e+02 1.048407297964180884e+02 8.508987062160346682e+01 7.137481272796850362e+01 6.412784173931864018e+01 6.145561931726368954e+01 5.929419621403593510e+01
inf inf 9.364273135186061836e+01 3.897508735260514356e+01 3.298508373208691324e+01 2.036494132337953999e+01 1.867871572246918177e+01 1.817927055530664404e+01 1.807185070823222262e+01 1.739512451580354124e+01 1.713365863631366182e+01
inf 2.960732076701546234e+01 2.308597220750653634e+01 2.025455293216607089e+01 1.427701421309353513e+01 9.982811722939569421e+00 8.777749052762098714e+00 8.336861277874547227e+00 8.091915334375547886e+00 7.314571890793159170e+00 6.972803756404908349e+00
inf inf inf inf inf 4.376071622229208629e+02 2.243008954044767052e+02 9.054475764826921136e+01 7.391773261371206161e+01 3.605233156466206168e+01 3.447030958337374784e+01
2.982224396745309036e+01 1.556319976529204929e+01 1.366977502060823113e+01 1.177344739072518109e+01 1.024019241184202933e+01 9.652874210832051105e+00 7.848154269578786035e+00 7.431292387089816209e+00 7.221140592694782256e+00 7.203968725584845245e+00 7.047917159733288806e+00
8.211196668288602396e+00 6.996825306918833753e+00 5.862977614837484808e+00 5.350252641729109193e+00 5.269487920218671739e+00 5.122594648514045446e+00 5.066303884039205840e+00 4.998213896838235470e+00 4.917892386891573153e+00 4.554698454157129817e+00 4.553383591823689791e+00
inf inf inf inf 9.045459816269551823e+01 7.393774037761095030e+01 3.789276558946394147e+01 1.882531569526184967e+01 1.494952769262810932e+01 1.145883428958869921e+01 8.567191457802442400e+00
inf 1.485062628628666914e+02 6.581562530220702456e+01 5.034242584384264063e+01 3.830440874823904096e+01 2.465401676442573375e+01 1.329244227241491672e+01 1.000140491408460797e+01 9.342137084489616328e+00 8.323037853353897120e+00 8.109963703470569385e+00
4.122458781800975913e+01 2.087436436820337704e+01 1.391830752869559440e+01 1.023624861734990077e+01 8.467410190144061488e+00 6.677440029794488474e+00 5.791722740115644363e+00 5.630660451403388223e+00 5.482253472153304052e+00 5.144722458895513384e+00 4.837555646961377853e+00
3.854385861263679658e+01 2.512099172752553145e+01 2.309853788571505362e+01 2.030652504605141928e+01 1.592905265032776541e+01 1.265211909112878885e+01 1.212541741512658611e+01 9.846179113585339593e+00 9.550962873859319302e+00 8.477199704754850629e+00 7.327746072655513032e+00
inf 1.228775231834883499e+02 2.309044653011659420e+01 1.707512427162370372e+01 1.284737791566766241e+01 1.213226488393656055e+01 9.283788849876145832e+00 8.744101702387427011e+00 7.888424975790543137e+00 7.354861641299256902e+00 7.203167569173459128e+00
inf inf 8.167117154381628552e+01 4.757825382206604559e+01 2.945136101843680265e+01 2.872102609406881157e+01 2.471145181344208552e+01 1.990096685702798851e+01 1.807183906426968534e+01 1.637660457183810081e+01 1.562113214216888046e+01
1.806754332657778406e+01 1.095982523793572128e+01 1.008325687051948982e+01 8.132444581763833114e+00 7.877806427230581221e+00 7.064310476693899332e+00 6.987326025959038844e+00 5.873409174471199812e+00 5.401185956972626379e+00 5.351485934984136605e+00 4.927826503985165196e+00
inf inf 1.542628973713343044e+02 4.614906780950063592e+01 4.133927296759394210e+01 3.423852861464994390e+01 2.270696198120390363e+01 2.045861234380497962e+01 1.774461723713892525e+01 1.667110687558970383e+01 1.624959535865765758e+01
1.571452096803974641e+01 1.455451291714049589e+01 1.346371920343719530e+01 1.254383678848290629e+01 1.161546775510862872e+01 9.939486139638091799e+00 9.102063114224351992e+00 8.472628055051893980e+00 8.164184851198818649e+00 7.998116835255045132e+00 7.207824404301735655e+00
2.276928853873765490e+01 1.427082340966966711e+01 1.082320066844803108e+01 9.256416928825156987e+00 8.103928570063883896e+00 6.536196824075484635e+00 6.223541068959794309e+00 5.789780148001612226e+00 5.628620264375556737e+00 5.471388010733362783e+00 5.395413346344903438e+00
inf inf 2.634889385968761530e+02 6.158278721041764214e+01 4.025731338819982597e+01 3.407561280152452099e+01 3.306420731673378555e+01 3.092524745226000249e+01 2.947237490518303105e+01 2.931606903483064031e+01 2.826242476601407461e+01
1.570038679064509495e+02 6.477810897329672457e+01 4.857658771787843222e+01 4.242058396337181847e+01 4.065418743605643215e+01 4.036279039968341920e+01 3.973691383515605935e+01 3.916694322671526862e+01 3.898362773181660401e+01 3.880533648666878577e+01 3.877737421025817355e+01
inf 6.225813541887996649e+01 4.404913404751899719e+01 3.490940443438180552e+01 3.159444127122809221e+01 2.785317445566135319e+01 2.726239219291612770e+01 2.671239700464978739e+01 2.633927810299184813e+01 2.611635995878144101e+01 2.599334345250098721e+01
